%Exercise 1
v = [1 3 5 7]
a = v .* 3
b = v .^ 2
c = v .^ 0
d = (v .^ 0) .* 6

%Exercise 2
A = [1 sym(1/2) 3; 6 10 1; 0 3 2]
B = [0 -8 10; 5 3 1]
C = [4 9 -3; 13 0 7]

%Exercise 3
%get the corners of matrix 3x3 A
D = A([1,3],[1,3])
%Exercise 4
[4 9 8]' * [2 7 1]
([4 7; 8 9] + [5 3; 0 1])' * [10 2 7; 6 3 5]

%Exercise 5
B = [1:1:7; 9:-2:-3; (2.^(1:1:7)).*2]

%Exercise 6 
a = [1:1:5] .* [1 1 1]' 
b = [0:4]' .* [1 1 1]

%Exercise 7
a = [2 -4 5 -3.5 1.8 4; -1.5 3 4 -1 -2 5; 5 1 -6 3 -2 2; 1.2 -2 3 4 -1 4; 4 1 -2 -3 -4 1.5; 3 1 -1 4 -2 -4];
b = [52.52; -21.1; -27.6; 9.16; -17.9; -16.2];
c = a^(-1)*b
