%matlab
b = [-1 3 10; -9 5 25; 0 14 2];
s = [-1 8 5];
t = [7; 0; 11];

a = [2 5 3; 1 2 3];
b = [6 8 7; 1 2 3];
a*b'
%time shifting using matrix
%matlab
a = [1 2 3; 4 5 6; 7 8 9];
b = [1 2 3; 4 5 6; 7 8 9];
c = [1 2 3; 4 5 6; 7 8 9];
d = [1 2 3; 4 5 6; 7 8 9];
e = [1 2 3; 4 5 6; 7 8 9];
