%matlab
b = [-1 3 10; -9 5 25; 0 14 2];
s = [-1 8 5];
t = [7; 0; 11];

a = [2 5 3; 1 2 3];
b = [6 8 7; 1 2 3];
a*b'
